39,35
3,2
3,1
3,3
10,122
10,188
10,174
10,112
10,114
10,68
10,262
10,72
10,2
10,3
11,28
11,22
11,7
11,16
11,24
11,2
11,3
9,7
9,2
9,3
8,17
8,9
8,2
8,3
12,2
12,1
12,3
35,9
35,8
35,7
35,6
35,5
35,4
35,3
35,2
35,1
35,0
34,5
34,4
20,2
34,3
20,1
34,1
20,3
33,105
33,104
33,103
33,102
33,101
33,100
33,99
33,98
33,97
33,96
33,95
33,94
33,93
33,92
33,91
33,90
33,89
33,88
33,87
33,86
19,2
33,85
19,1
33,84
19,3
33,83
33,82
33,81
33,80
33,79
33,78
33,77
33,76
33,75
33,74
33,73
33,72
33,71
33,70
33,69
33,68
33,67
33,66
33,65
33,64
33,37
33,36
33,35
33,34
33,33
33,32
33,31
33,30
33,29
33,14
33,13
33,12
33,11
33,10
33,9
33,8
33,7
33,6
33,5
33,4
33,3
33,2
33,1
33,0
31,5
31,3
31,1
29,4
